task1
('Wounds/23778438', array([ 9,  8, 16,  5,  4,  5,  6,  5,  2,  6,  1,  1,  1,  8,  4,  2,  2,
        1,  3,  1,  1,  1,  2,  8,  1,  2,  2,  1,  1,  1,  2,  1,  3,  1,
        1,  1,  1,  1,  1,  1,  1,  1,  2,  1,  1,  7,  2,  1,  1,  2,  1,
        1,  1,  1,  2,  2,  2,  1,  2,  1,  4,  1,  1,  1,  2,  1,  1,  1,
        1,  6,  1,  2,  1,  1,  1,  1,  1,  1,  4,  1,  1,  1,  1,  1,  1,
        1,  1,  1,  1,  1,  1,  1,  1,  1,  1,  1,  2,  1,  1,  1,  1,  1,
        1,  1,  1,  1,  1,  2,  1,  3, 10,  1,  1,  2,  1,  1,  3,  4,  2,
        1,  1,  1,  1,  1,  1,  1,  4,  3,  1,  1,  2,  1,  1,  3,  1,  1,
        1,  1,  1,  1,  1,  2,  1,  1,  2]))
('ParasiticDisease/2617030', array([ 6,  4,  7, 11,  3,  2,  2,  4,  2,  1,  1,  1,  2,  1,  1,  1,  2,
       10,  1,  1,  2,  2,  1,  1,  1,  2,  3,  2,  1,  1,  1,  1,  1,  1,
        1,  1,  1,  1,  2,  1,  1,  2,  1,  1,  1,  1,  1,  1,  1,  2,  2,
        1,  4,  2,  2,  1,  2,  1,  1,  1,  1,  2,  2,  1,  1,  1,  1,  6,
        1,  2,  1,  1,  1,  1,  2,  1,  1,  2,  2,  1]))
('RxInteractions/1966748', array([ 4, 11, 12,  1,  2,  2,  1,  7,  1,  1,  1,  1,  1,  1,  1,  1,  1,
        3,  2,  2,  2,  1,  3,  1,  2,  1,  1,  1,  1,  1,  1,  1,  1,  1,
        1,  1,  1,  1,  1,  7,  4,  7,  1,  1,  1,  1,  1,  2,  2,  8,  3,
        2,  2,  1,  1,  1,  1,  1,  1,  1,  2,  1,  2,  5,  3,  1,  5,  1]))
task2
('PalliativeCare/16552238', array([-0.10709507, -0.12876754, -0.11490166, -0.05093486, -0.04022361,
       -0.02165837, -0.01717518, -0.00466624,  0.00094999,  0.00255117,
        0.00160635,  0.00363348,  0.00377158,  0.0033428 ,  0.00892475,
        0.01021636,  0.00592866,  0.00672934,  0.01382405,  0.0085502 ,
        0.00914439,  0.01000579,  0.01023129,  0.01043048,  0.02140974,
        0.02167872,  0.01107845,  0.01122198,  0.01129281,  0.01158832,
        0.01187949,  0.02400649,  0.03817432,  0.01277347,  0.01294218,
        0.0141635 ,  0.0451246 ,  0.01559595,  0.04892585,  0.01630862,
        0.01683085,  0.03434161,  0.01772577,  0.03578644,  0.01796444,
        0.01802688,  0.0181341 ,  0.01845774,  0.01854155,  0.01877295,
        0.03755689,  0.01881151,  0.05758232,  0.03856665,  0.05873517,
        0.02028845,  0.02036736,  0.06154089,  0.02076332,  0.02135702,
        0.06419996,  0.02154851,  0.02161079,  0.02163768,  0.02180173,
        0.02184813,  0.02262447,  0.04581627,  0.02311295,  0.02313616,
        0.02390587,  0.04813475,  0.0242335 ,  0.05058702,  0.02642473,
        0.05309775,  0.02689351,  0.02737925,  0.05550573,  0.02873113,
        0.05746226,  0.02876165,  0.05795979,  0.02917371,  0.05909349,
        0.030059  ,  0.03033311,  0.03037334,  0.03119601,  0.03237823,
        0.03448458,  0.03629526,  0.07787815,  0.03989432,  0.04010576]))
('SquamousCellCancer/23991972', array([-0.13191658, -0.14996054, -0.07205292, -0.0912583 , -0.02162019,
       -0.02586972, -0.03077221, -0.01880707, -0.01423265, -0.00977284,
       -0.00139339, -0.00193884, -0.00098456,  0.00152361,  0.00213691,
        0.00143902,  0.00565139,  0.00521639,  0.00530138,  0.0057058 ,
        0.02378637,  0.00604761,  0.00630842,  0.01331311,  0.00671844,
        0.0067234 ,  0.00715814,  0.00746164,  0.00758048,  0.02317053,
        0.00789979,  0.0178966 ,  0.00897551,  0.00929269,  0.00966522,
        0.00971026,  0.00974177,  0.00992445,  0.01015876,  0.01044014,
        0.01049974,  0.01057485,  0.01075291,  0.01100771,  0.011257  ,
        0.01178138,  0.01211739,  0.01244463,  0.02499172,  0.0131681 ,
        0.01323441,  0.01327412,  0.01331412,  0.01345662,  0.04115543,
        0.01380326,  0.01411281,  0.014549  ,  0.01468437,  0.01478993,
        0.01481665,  0.01483007,  0.03141128,  0.01588344,  0.04768737,
        0.01662433,  0.01676362,  0.01693683,  0.01756162,  0.0177171 ,
        0.01783534,  0.01800553,  0.01827821,  0.01917082,  0.01939988,
        0.01948127,  0.01965642,  0.01965642,  0.03960532,  0.02001637,
        0.020192  ,  0.04155698,  0.0209171 ,  0.02214182,  0.02236526,
        0.02248069,  0.02262866,  0.0229061 ,  0.02292195,  0.02314914,
        0.04646549,  0.02333487,  0.02374603,  0.02429479,  0.02483895,
        0.09954016,  0.02521963,  0.07885209,  0.02637567,  0.0272823 ,
        0.02820263,  0.02875625,  0.02926728,  0.03231794,  0.03271878,
        0.03338458,  0.03414813]))
('HeartFailure/25940075', array([-0.14573063, -0.0841064 , -0.06879555, -0.04435846, -0.03503018,
       -0.01964789, -0.00934852, -0.01115134, -0.00380903, -0.00691815,
       -0.00593793, -0.00058901,  0.00113938,  0.00129837,  0.00205289,
        0.00115436,  0.00141962,  0.00171688,  0.00436787,  0.00859674,
        0.00289853,  0.00316945,  0.02501339,  0.0036745 ,  0.00813417,
        0.02453903,  0.00422093,  0.00425752,  0.00434925,  0.00955567,
        0.04880709,  0.00511608,  0.00522953,  0.00546277,  0.00548412,
        0.00553609,  0.00561046,  0.00571241,  0.01894617,  0.00636187,
        0.00644512,  0.0066204 ,  0.0066252 ,  0.00671775,  0.02040571,
        0.01378506,  0.00704338,  0.00704996,  0.00716627,  0.00719143,
        0.0072377 ,  0.00725991,  0.00743604,  0.00749615,  0.01518484,
        0.00759894,  0.00762254,  0.00770925,  0.00780815,  0.00782073,
        0.00804116,  0.00810182,  0.00816054,  0.03270469,  0.00817774,
        0.00825553,  0.00830248,  0.00830575,  0.00838009,  0.05878976,
        0.00844768,  0.00862505,  0.00863228,  0.00866321,  0.00874656,
        0.04436466,  0.00892215,  0.10761737,  0.0180336 ,  0.00938494,
        0.0094103 ,  0.00945929,  0.00950905,  0.00960114,  0.00962087,
        0.0098121 ,  0.02024216,  0.02028287,  0.01027244,  0.01029073,
        0.0208692 ,  0.02098545,  0.01052878,  0.0213407 ,  0.0213545 ,
        0.0107295 ,  0.01094382,  0.01110575,  0.02242879,  0.02249463,
        0.01157385,  0.02327744,  0.0116434 ,  0.01212888,  0.01225715,
        0.0126635 ,  0.01272228,  0.01278891,  0.0263655 ,  0.01337937,
        0.02682399,  0.01353742,  0.01354597,  0.01372182,  0.01402524,
        0.01420964,  0.01425212,  0.04291808,  0.02896998,  0.01449652,
        0.05860136,  0.03004614,  0.01555669,  0.01557287,  0.03179458,
        0.03194009,  0.03243749,  0.0162588 ,  0.01634048,  0.03297735,
        0.01648868,  0.03401105,  0.03432496,  0.01781544,  0.01795012,
        0.01798471,  0.03603936,  0.01843222,  0.03686443,  0.01863912,
        0.01863912,  0.01900118,  0.01957815,  0.0407141 ,  0.0214963 ,
        0.0449556 ,  0.0236898 ,  0.21728389]))
task3
Asthma
Asthma
PalliativeCare
SquamousCellCancer
PalliativeCare
QA
PalliativeCare
PalliativeCare